0.000000 0.070559 0.266642 0.368364 25.538884 0.137973 0.064795
0.000000 0.070572 0.266653 0.368299 25.535673 0.137995 0.064803
0.000000 0.070572 0.266653 0.368299 25.535673 0.137995 0.064803
0.000000 0.070567 0.266649 0.368322 25.536807 0.137987 0.064800
0.000000 0.070567 0.266649 0.368322 25.536807 0.137987 0.064800
0.000000 0.070576 0.266656 0.368280 25.534730 0.138002 0.064805
0.000000 0.070576 0.266656 0.368280 25.534731 0.138002 0.064805
0.000000 0.070592 0.266671 0.368195 25.530577 0.138032 0.064815
0.000000 0.070592 0.266671 0.368195 25.530577 0.138032 0.064815
0.000000 0.070609 0.266685 0.368110 25.526423 0.138061 0.064824
0.000000 0.070609 0.266685 0.368110 25.526423 0.138061 0.064824
0.000000 0.070625 0.266699 0.368026 25.522269 0.138091 0.064834
0.000000 0.070625 0.266699 0.368026 25.522269 0.138091 0.064834
0.000001 0.070790 0.266841 0.367180 25.480716 0.138386 0.064929
0.000001 0.070790 0.266841 0.367180 25.480716 0.138386 0.064929
0.000001 0.070954 0.266983 0.366336 25.439139 0.138682 0.065025
0.000001 0.070954 0.266983 0.366336 25.439139 0.138682 0.065025
0.000002 0.071119 0.267125 0.365494 25.397541 0.138978 0.065120
0.000002 0.071119 0.267125 0.365494 25.397541 0.138978 0.065120
0.000003 0.071284 0.267267 0.364654 25.355922 0.139274 0.065216
0.000003 0.071284 0.267267 0.364654 25.355922 0.139274 0.065216
0.000006 0.072223 0.268068 0.359927 25.119681 0.140955 0.065757
0.000006 0.072223 0.268068 0.359927 25.119681 0.140955 0.065757
0.000010 0.073167 0.268865 0.355259 24.883069 0.142642 0.066297
0.000010 0.073167 0.268865 0.355259 24.883069 0.142642 0.066297
0.000013 0.074116 0.269659 0.350649 24.646317 0.144334 0.066836
0.000013 0.074116 0.269659 0.350649 24.646317 0.144334 0.066836
0.000016 0.075069 0.270450 0.346098 24.409645 0.146030 0.067374
0.000016 0.075069 0.270450 0.346098 24.409645 0.146030 0.067374
0.000020 0.076027 0.271236 0.341606 24.173262 0.147732 0.067911
0.000020 0.076027 0.271236 0.341606 24.173262 0.147732 0.067911
0.000025 0.077531 0.272456 0.334714 23.805393 0.150396 0.068748
0.000025 0.077531 0.272456 0.334714 23.805393 0.150396 0.068748
0.000031 0.079045 0.273666 0.327964 23.439399 0.153070 0.069582
0.000031 0.079045 0.273666 0.327964 23.439399 0.153070 0.069582
0.000036 0.080570 0.274867 0.321356 23.075912 0.155754 0.070412
0.000036 0.080570 0.274867 0.321356 23.075912 0.155754 0.070412
0.000041 0.082104 0.276059 0.314891 22.715501 0.158446 0.071240
0.000041 0.082104 0.276059 0.314891 22.715501 0.158446 0.071240
0.000047 0.083647 0.277240 0.308566 22.358679 0.161145 0.072064
0.000047 0.083647 0.277240 0.308566 22.358679 0.161145 0.072064
0.000052 0.085200 0.278411 0.302380 22.005901 0.163851 0.072885
0.000052 0.085200 0.278411 0.302380 22.005901 0.163851 0.072885
0.000060 0.087423 0.280060 0.293817 21.511637 0.167711 0.074046
0.000060 0.087423 0.280060 0.293817 21.511637 0.167711 0.074046
0.000067 0.089662 0.281687 0.285531 21.027362 0.171580 0.075198
0.000067 0.089662 0.281687 0.285531 21.027362 0.171580 0.075198
0.000075 0.091915 0.283293 0.277518 20.553883 0.175455 0.076341
0.000075 0.091915 0.283293 0.277518 20.553883 0.175455 0.076341
0.000082 0.094181 0.284877 0.269772 20.091842 0.179333 0.077475
0.000082 0.094181 0.284877 0.269772 20.091842 0.179333 0.077475
0.000090 0.096457 0.286438 0.262289 19.641733 0.183212 0.078598
0.000090 0.096457 0.286438 0.262289 19.641733 0.183212 0.078598
0.000098 0.098743 0.287976 0.255063 19.203923 0.187089 0.079710
0.000098 0.098743 0.287976 0.255063 19.203923 0.187089 0.079710
0.000105 0.101038 0.289491 0.248090 18.778661 0.190961 0.080810
0.000105 0.101038 0.289491 0.248090 18.778661 0.190961 0.080810
0.000116 0.104350 0.291628 0.238485 18.189041 0.196520 0.082373
0.000116 0.104350 0.291628 0.238485 18.189041 0.196520 0.082373
0.000127 0.107670 0.293716 0.229371 17.625861 0.202055 0.083909
0.000127 0.107670 0.293716 0.229371 17.625861 0.202055 0.083909
0.000138 0.110994 0.295752 0.220729 17.088988 0.207558 0.085417
0.000138 0.110994 0.295752 0.220729 17.088988 0.207558 0.085417
0.000149 0.114316 0.297737 0.212543 16.578060 0.213022 0.086896
0.000149 0.114316 0.297737 0.212543 16.578060 0.213022 0.086896
0.000160 0.117631 0.299669 0.204792 16.092547 0.218439 0.088344
0.000160 0.117631 0.299669 0.204792 16.092547 0.218439 0.088344
0.000171 0.120935 0.301547 0.197458 15.631787 0.223800 0.089760
0.000171 0.120935 0.301547 0.197458 15.631787 0.223800 0.089760
0.000182 0.124221 0.303371 0.190524 15.195029 0.229098 0.091143
0.000182 0.124221 0.303371 0.190524 15.195029 0.229098 0.091143
0.000196 0.128287 0.305570 0.182407 14.682548 0.235608 0.092820
0.000196 0.128287 0.305570 0.182407 14.682548 0.235608 0.092820
0.000209 0.132307 0.307683 0.174852 14.204503 0.241992 0.094441
0.000209 0.132307 0.307683 0.174852 14.204503 0.241992 0.094441
0.000223 0.136270 0.309709 0.167827 13.759202 0.248236 0.096006
0.000223 0.136270 0.309709 0.167827 13.759202 0.248236 0.096006
0.000237 0.140165 0.311647 0.161302 13.344957 0.254327 0.097511
0.000237 0.140165 0.311647 0.161302 13.344957 0.254327 0.097511
0.000250 0.143980 0.313497 0.155248 12.960111 0.260249 0.098956
0.000250 0.143980 0.313497 0.155248 12.960111 0.260249 0.098956
0.000264 0.147707 0.315259 0.149638 12.603058 0.265991 0.100339
0.000264 0.147707 0.315259 0.149638 12.603059 0.265991 0.100339
0.000278 0.151333 0.316933 0.144447 12.272260 0.271539 0.101660
0.000278 0.151333 0.316933 0.144447 12.272260 0.271539 0.101660
0.000296 0.155962 0.319012 0.138176 11.872174 0.278567 0.103310
0.000296 0.155962 0.319012 0.138176 11.872174 0.278567 0.103310
0.000314 0.160377 0.320938 0.132544 11.512332 0.285211 0.104848
0.000314 0.160377 0.320938 0.132544 11.512332 0.285211 0.104848
0.000332 0.164555 0.322710 0.127502 11.189749 0.291449 0.106271
0.000332 0.164555 0.322710 0.127502 11.189749 0.291449 0.106271
0.000350 0.168480 0.324333 0.123005 10.901659 0.297264 0.107581
0.000350 0.168480 0.324333 0.123005 10.901660 0.297264 0.107581
0.000368 0.172134 0.325808 0.119012 10.645499 0.302640 0.108777
0.000368 0.172134 0.325808 0.119012 10.645500 0.302640 0.108777
0.000386 0.175506 0.327139 0.115485 10.418887 0.307569 0.109862
0.000386 0.175506 0.327139 0.115485 10.418887 0.307569 0.109862
0.000404 0.178587 0.328331 0.112386 10.219600 0.312044 0.110837
0.000404 0.178587 0.328331 0.112386 10.219600 0.312044 0.110837
0.000425 0.181668 0.329500 0.109400 10.027306 0.316496 0.111797
0.000425 0.181668 0.329500 0.109400 10.027307 0.316496 0.111797
0.000445 0.184379 0.330510 0.106862 9.863622 0.320392 0.112630
0.000445 0.184379 0.330510 0.106862 9.863624 0.320392 0.112630
0.000465 0.186725 0.331371 0.104730 9.726009 0.323747 0.113342
0.000465 0.186725 0.331371 0.104730 9.726011 0.323747 0.113342
0.000485 0.188715 0.332091 0.102967 9.612059 0.326583 0.113939
0.000485 0.188715 0.332091 0.102967 9.612062 0.326583 0.113939
0.000505 0.190366 0.332682 0.101535 9.519480 0.328926 0.114430
0.000505 0.190365 0.332682 0.101535 9.519483 0.328926 0.114430
0.000525 0.191696 0.333153 0.100401 9.446075 0.330810 0.114822
0.000525 0.191696 0.333153 0.100401 9.446077 0.330810 0.114822
0.000546 0.192766 0.333530 0.099501 9.387782 0.332322 0.115136
0.000546 0.192766 0.333530 0.099501 9.387784 0.332322 0.115136
0.000567 0.193546 0.333803 0.098852 9.345699 0.333423 0.115364
0.000567 0.193546 0.333803 0.098852 9.345700 0.333423 0.115364
0.000588 0.194070 0.333985 0.098419 9.317654 0.334161 0.115517
0.000588 0.194070 0.333985 0.098419 9.317655 0.334161 0.115517
0.000609 0.194372 0.334090 0.098171 9.301586 0.334585 0.115605
0.000609 0.194372 0.334090 0.098171 9.301586 0.334585 0.115605
0.000630 0.194485 0.334130 0.098078 9.295552 0.334745 0.115637
0.000630 0.194485 0.334130 0.098078 9.295551 0.334745 0.115637
0.000651 0.194444 0.334115 0.098112 9.297737 0.334687 0.115626
0.000651 0.194444 0.334115 0.098112 9.297735 0.334687 0.115626
0.000672 0.194280 0.334058 0.098246 9.306469 0.334456 0.115578
0.000672 0.194280 0.334058 0.098246 9.306466 0.334456 0.115578
0.000693 0.194022 0.333969 0.098459 9.320224 0.334093 0.115503
0.000693 0.194022 0.333969 0.098459 9.320222 0.334093 0.115503
0.000714 0.193697 0.333855 0.098727 9.337637 0.333635 0.115408
0.000714 0.193697 0.333855 0.098727 9.337635 0.333635 0.115408
0.000735 0.193327 0.333726 0.099034 9.357506 0.333113 0.115300
0.000735 0.193327 0.333726 0.099034 9.357504 0.333113 0.115300
0.000756 0.192932 0.333588 0.099362 9.378792 0.332557 0.115185
0.000756 0.192932 0.333588 0.099362 9.378790 0.332557 0.115185
0.000777 0.192529 0.333447 0.099699 9.400620 0.331988 0.115067
0.000777 0.192529 0.333447 0.099699 9.400618 0.331988 0.115067
0.000801 0.192074 0.333287 0.100081 9.425367 0.331345 0.114934
0.000801 0.192074 0.333287 0.100081 9.425364 0.331345 0.114934
0.000825 0.191642 0.333134 0.100447 9.449033 0.330733 0.114806
0.000825 0.191642 0.333134 0.100447 9.449030 0.330733 0.114806
0.000849 0.191242 0.332993 0.100786 9.470995 0.330168 0.114689
0.000849 0.191242 0.332993 0.100786 9.470993 0.330168 0.114689
0.000873 0.190882 0.332865 0.101093 9.490833 0.329658 0.114582
0.000873 0.190882 0.332865 0.101093 9.490832 0.329658 0.114582
0.000897 0.190567 0.332753 0.101362 9.508294 0.329212 0.114489
0.000897 0.190567 0.332753 0.101362 9.508294 0.329212 0.114489
0.000921 0.190297 0.332657 0.101594 9.523270 0.328829 0.114409
0.000921 0.190297 0.332657 0.101594 9.523270 0.328829 0.114409
0.000949 0.190046 0.332568 0.101810 9.537266 0.328473 0.114335
0.000949 0.190046 0.332568 0.101810 9.537268 0.328473 0.114335
0.000976 0.189850 0.332498 0.101979 9.548200 0.328195 0.114277
0.000976 0.189850 0.332498 0.101979 9.548202 0.328195 0.114277
0.001003 0.189705 0.332446 0.102105 9.556307 0.327990 0.114234
0.001003 0.189705 0.332446 0.102105 9.556310 0.327990 0.114234
0.001031 0.189606 0.332411 0.102191 9.561886 0.327848 0.114204
0.001031 0.189606 0.332411 0.102191 9.561888 0.327848 0.114204
0.001058 0.189546 0.332389 0.102243 9.565267 0.327763 0.114186
0.001058 0.189546 0.332389 0.102243 9.565269 0.327763 0.114186
0.001085 0.189518 0.332379 0.102267 9.566790 0.327724 0.114178
0.001085 0.189518 0.332379 0.102267 9.566793 0.327724 0.114178
0.001109 0.189517 0.332379 0.102268 9.566864 0.327722 0.114178
0.001109 0.189517 0.332379 0.102268 9.566866 0.327722 0.114178
0.001132 0.189533 0.332384 0.102254 9.565992 0.327744 0.114182
0.001132 0.189533 0.332384 0.102254 9.565992 0.327744 0.114182
0.001156 0.189562 0.332395 0.102229 9.564360 0.327786 0.114191
0.001156 0.189562 0.332395 0.102229 9.564361 0.327786 0.114191
0.001180 0.189601 0.332409 0.102195 9.562139 0.327842 0.114203
0.001180 0.189601 0.332409 0.102195 9.562140 0.327842 0.114203
0.001204 0.189649 0.332426 0.102154 9.559478 0.327909 0.114217
0.001204 0.189649 0.332426 0.102154 9.559478 0.327909 0.114217
0.001227 0.189702 0.332445 0.102108 9.556506 0.327985 0.114233
0.001227 0.189702 0.332445 0.102108 9.556506 0.327985 0.114233
0.001262 0.189787 0.332475 0.102034 9.551751 0.328105 0.114258
0.001262 0.189787 0.332475 0.102034 9.551752 0.328105 0.114258
0.001298 0.189875 0.332507 0.101958 9.546829 0.328230 0.114284
0.001298 0.189875 0.332507 0.101958 9.546831 0.328230 0.114284
0.001333 0.189962 0.332538 0.101882 9.541943 0.328354 0.114310
0.001333 0.189962 0.332538 0.101883 9.541944 0.328354 0.114310
0.001368 0.190047 0.332568 0.101810 9.537226 0.328474 0.114335
0.001368 0.190047 0.332568 0.101810 9.537227 0.328474 0.114335
0.001403 0.190127 0.332597 0.101741 9.532758 0.328588 0.114359
0.001403 0.190127 0.332597 0.101741 9.532758 0.328588 0.114359
0.001438 0.190202 0.332624 0.101676 9.528575 0.328694 0.114381
0.001438 0.190202 0.332624 0.101676 9.528575 0.328694 0.114381
0.001473 0.190272 0.332649 0.101615 9.524660 0.328794 0.114402
0.001473 0.190272 0.332649 0.101615 9.524659 0.328794 0.114402
0.001509 0.190338 0.332672 0.101559 9.521024 0.328887 0.114421
0.001509 0.190338 0.332672 0.101559 9.521024 0.328887 0.114421
0.001544 0.190399 0.332694 0.101507 9.517640 0.328973 0.114439
0.001544 0.190399 0.332694 0.101507 9.517639 0.328973 0.114439
0.001580 0.190456 0.332714 0.101458 9.514470 0.329054 0.114456
0.001580 0.190456 0.332714 0.101458 9.514469 0.329054 0.114456
0.001615 0.190510 0.332733 0.101412 9.511475 0.329130 0.114472
0.001615 0.190510 0.332733 0.101412 9.511474 0.329130 0.114472
0.001650 0.190561 0.332751 0.101367 9.508617 0.329203 0.114488
0.001650 0.190561 0.332751 0.101367 9.508617 0.329203 0.114488
0.001679 0.190601 0.332766 0.101333 9.506399 0.329260 0.114499
0.001679 0.190601 0.332766 0.101333 9.506399 0.329260 0.114499
0.001707 0.190640 0.332779 0.101300 9.504232 0.329315 0.114511
0.001707 0.190640 0.332779 0.101300 9.504232 0.329315 0.114511
0.001736 0.190679 0.332793 0.101267 9.502101 0.329370 0.114522
0.001736 0.190679 0.332793 0.101267 9.502101 0.329370 0.114522
0.001764 0.190717 0.332807 0.101234 9.499996 0.329424 0.114534
0.001764 0.190717 0.332807 0.101234 9.499996 0.329424 0.114534
0.001792 0.190754 0.332820 0.101202 9.497906 0.329477 0.114545
0.001792 0.190754 0.332820 0.101202 9.497906 0.329477 0.114545
0.001833 0.190808 0.332839 0.101156 9.494948 0.329553 0.114560
0.001833 0.190808 0.332839 0.101156 9.494948 0.329553 0.114560
0.001873 0.190861 0.332858 0.101111 9.491993 0.329629 0.114576
0.001873 0.190861 0.332858 0.101111 9.491993 0.329629 0.114576
0.001913 0.190915 0.332877 0.101065 9.489031 0.329705 0.114592
0.001913 0.190915 0.332877 0.101065 9.489030 0.329705 0.114592
0.001954 0.190969 0.332896 0.101019 9.486057 0.329781 0.114608
0.001954 0.190969 0.332896 0.101019 9.486057 0.329781 0.114608
0.001994 0.191023 0.332915 0.100973 9.483071 0.329857 0.114624
0.001994 0.191023 0.332915 0.100973 9.483070 0.329858 0.114624
0.002031 0.191072 0.332933 0.100931 9.480363 0.329927 0.114638
0.002031 0.191072 0.332933 0.100931 9.480363 0.329927 0.114638
0.002067 0.191121 0.332950 0.100889 9.477648 0.329997 0.114653
0.002067 0.191121 0.332950 0.100889 9.477648 0.329997 0.114653
0.002103 0.191170 0.332968 0.100847 9.474927 0.330067 0.114668
0.002103 0.191170 0.332968 0.100847 9.474927 0.330067 0.114668
0.002140 0.191220 0.332985 0.100805 9.472203 0.330137 0.114682
0.002140 0.191220 0.332985 0.100805 9.472204 0.330137 0.114682
0.002186 0.191283 0.333007 0.100751 9.468719 0.330226 0.114701
0.002186 0.191283 0.333007 0.100751 9.468719 0.330226 0.114701
0.002233 0.191347 0.333030 0.100697 9.465237 0.330316 0.114719
0.002233 0.191347 0.333030 0.100697 9.465237 0.330316 0.114719
0.002280 0.191410 0.333052 0.100643 9.461761 0.330405 0.114738
0.002280 0.191410 0.333052 0.100643 9.461761 0.330405 0.114738
0.002326 0.191473 0.333075 0.100590 9.458293 0.330495 0.114757
0.002326 0.191473 0.333075 0.100590 9.458293 0.330495 0.114757
0.002393 0.191563 0.333107 0.100513 9.453318 0.330623 0.114783
0.002393 0.191563 0.333107 0.100513 9.453318 0.330623 0.114783
0.002461 0.191654 0.333139 0.100437 9.448365 0.330751 0.114810
0.002461 0.191654 0.333138 0.100437 9.448366 0.330751 0.114810
0.002528 0.191744 0.333170 0.100360 9.443438 0.330878 0.114836
0.002528 0.191744 0.333170 0.100360 9.443438 0.330878 0.114836
0.002595 0.191833 0.333202 0.100285 9.438533 0.331004 0.114863
0.002595 0.191833 0.333202 0.100285 9.438534 0.331004 0.114863
0.002662 0.191923 0.333233 0.100209 9.433652 0.331131 0.114889
0.002662 0.191923 0.333233 0.100209 9.433652 0.331131 0.114889
0.002735 0.192019 0.333267 0.100128 9.428362 0.331268 0.114917
0.002735 0.192019 0.333267 0.100128 9.428362 0.331268 0.114917
0.002808 0.192116 0.333301 0.100046 9.423096 0.331404 0.114946
0.002808 0.192116 0.333301 0.100046 9.423096 0.331404 0.114946
0.002881 0.192212 0.333335 0.099965 9.417855 0.331540 0.114974
0.002881 0.192212 0.333335 0.099965 9.417855 0.331540 0.114974
0.002954 0.192308 0.333369 0.099885 9.412637 0.331675 0.115002
0.002954 0.192308 0.333369 0.099885 9.412638 0.331675 0.115002
0.003027 0.192403 0.333403 0.099805 9.407444 0.331810 0.115030
0.003027 0.192403 0.333403 0.099805 9.407444 0.331810 0.115030
0.003140 0.192550 0.333454 0.099682 9.399493 0.332017 0.115073
0.003140 0.192550 0.333454 0.099682 9.399493 0.332017 0.115073
0.003252 0.192695 0.333505 0.099560 9.391598 0.332223 0.115116
0.003252 0.192695 0.333505 0.099560 9.391598 0.332223 0.115116
0.003365 0.192840 0.333556 0.099439 9.383758 0.332427 0.115158
0.003365 0.192840 0.333556 0.099439 9.383757 0.332427 0.115158
0.003477 0.192984 0.333606 0.099319 9.375970 0.332630 0.115200
0.003477 0.192984 0.333606 0.099319 9.375971 0.332630 0.115200
0.003590 0.193127 0.333657 0.099199 9.368238 0.332832 0.115242
0.003590 0.193128 0.333657 0.099199 9.368237 0.332832 0.115242
0.003664 0.193221 0.333689 0.099121 9.363186 0.332965 0.115269
0.003664 0.193221 0.333689 0.099121 9.363186 0.332965 0.115269
0.003738 0.193315 0.333722 0.099044 9.358157 0.333096 0.115297
0.003738 0.193315 0.333722 0.099044 9.358157 0.333096 0.115297
0.003811 0.193408 0.333755 0.098967 9.353151 0.333227 0.115324
0.003811 0.193408 0.333755 0.098967 9.353151 0.333227 0.115324
0.003885 0.193500 0.333787 0.098890 9.348167 0.333358 0.115351
0.003885 0.193500 0.333787 0.098890 9.348167 0.333358 0.115351
0.003931 0.193557 0.333807 0.098843 9.345116 0.333438 0.115368
0.003931 0.193557 0.333807 0.098843 9.345115 0.333438 0.115368
0.003976 0.193614 0.333827 0.098796 9.342072 0.333518 0.115384
0.003976 0.193614 0.333827 0.098796 9.342072 0.333518 0.115384
0.004022 0.193670 0.333846 0.098749 9.339038 0.333598 0.115401
0.004022 0.193670 0.333846 0.098749 9.339038 0.333598 0.115401
0.004146 0.193824 0.333900 0.098622 9.330795 0.333815 0.115445
0.004146 0.193824 0.333900 0.098622 9.330795 0.333815 0.115445
0.004270 0.193977 0.333953 0.098495 9.322615 0.334030 0.115490
0.004270 0.193977 0.333953 0.098495 9.322615 0.334030 0.115490
0.004394 0.194129 0.334006 0.098370 9.314495 0.334244 0.115534
0.004394 0.194129 0.334006 0.098370 9.314495 0.334244 0.115534
0.004518 0.194281 0.334059 0.098246 9.306436 0.334457 0.115578
0.004518 0.194281 0.334059 0.098246 9.306436 0.334457 0.115578
0.004607 0.194389 0.334096 0.098157 9.300647 0.334610 0.115610
0.004607 0.194389 0.334096 0.098157 9.300647 0.334610 0.115610
0.004697 0.194498 0.334134 0.098068 9.294890 0.334763 0.115641
0.004697 0.194498 0.334134 0.098068 9.294889 0.334763 0.115641
0.004787 0.194605 0.334171 0.097980 9.289162 0.334914 0.115672
0.004787 0.194605 0.334171 0.097980 9.289162 0.334914 0.115672
0.004989 0.194848 0.334255 0.097781 9.276319 0.335255 0.115743
0.004989 0.194848 0.334255 0.097781 9.276319 0.335255 0.115743
0.005192 0.195088 0.334338 0.097586 9.263630 0.335593 0.115812
0.005192 0.195088 0.334338 0.097586 9.263630 0.335593 0.115812
0.005395 0.195326 0.334420 0.097392 9.251090 0.335927 0.115881
0.005395 0.195325 0.334420 0.097392 9.251091 0.335927 0.115881
0.005395 0.195325 0.334420 0.097392 9.251091 0.335927 0.115881
0.005243 0.195147 0.334359 0.097537 9.260481 0.335677 0.115829
0.005243 0.195147 0.334359 0.097537 9.260481 0.335677 0.115829
0.005293 0.195207 0.334380 0.097489 9.257342 0.335760 0.115847
0.005293 0.195207 0.334380 0.097489 9.257341 0.335760 0.115847
0.005344 0.195266 0.334400 0.097441 9.254212 0.335844 0.115864
0.005344 0.195266 0.334400 0.097441 9.254212 0.335844 0.115864
0.005395 0.195325 0.334420 0.097392 9.251091 0.335927 0.115881
0.005395 0.195325 0.334420 0.097392 9.251091 0.335927 0.115881
0.005474 0.195418 0.334452 0.097317 9.246209 0.336057 0.115908
0.005474 0.195418 0.334452 0.097317 9.246209 0.336057 0.115908
0.005554 0.195511 0.334484 0.097242 9.241350 0.336187 0.115934
0.005554 0.195511 0.334484 0.097242 9.241350 0.336187 0.115934
0.005634 0.195603 0.334516 0.097168 9.236514 0.336316 0.115961
0.005634 0.195603 0.334516 0.097168 9.236514 0.336316 0.115961
0.005870 0.195874 0.334609 0.096949 9.222294 0.336697 0.116039
0.005870 0.195874 0.334609 0.096949 9.222293 0.336697 0.116039
0.006106 0.196142 0.334702 0.096732 9.208267 0.337074 0.116116
0.006106 0.196142 0.334702 0.096732 9.208267 0.337074 0.116116
0.006343 0.196408 0.334793 0.096519 9.194432 0.337446 0.116193
0.006343 0.196408 0.334793 0.096519 9.194431 0.337446 0.116193
0.006343 0.196408 0.334793 0.096519 9.194432 0.337446 0.116193
0.006165 0.196209 0.334725 0.096679 9.204791 0.337167 0.116136
0.006165 0.196209 0.334725 0.096679 9.204791 0.337167 0.116136
0.006224 0.196275 0.334747 0.096626 9.201326 0.337260 0.116155
0.006224 0.196275 0.334747 0.096626 9.201326 0.337260 0.116155
0.006283 0.196342 0.334770 0.096572 9.197873 0.337353 0.116174
0.006283 0.196342 0.334770 0.096572 9.197873 0.337353 0.116174
0.006343 0.196408 0.334793 0.096519 9.194432 0.337446 0.116193
0.006343 0.196408 0.334793 0.096519 9.194432 0.337446 0.116193
0.006386 0.196456 0.334809 0.096480 9.191892 0.337514 0.116207
0.006386 0.196456 0.334809 0.096480 9.191892 0.337514 0.116207
0.006430 0.196505 0.334826 0.096441 9.189358 0.337583 0.116221
0.006430 0.196505 0.334826 0.096441 9.189358 0.337583 0.116221
0.006474 0.196554 0.334843 0.096402 9.186831 0.337651 0.116235
0.006474 0.196554 0.334843 0.096402 9.186831 0.337651 0.116235
0.006677 0.196778 0.334920 0.096223 9.175189 0.337965 0.116299
0.006677 0.196778 0.334920 0.096223 9.175189 0.337965 0.116299
0.006879 0.197000 0.334996 0.096046 9.163682 0.338277 0.116363
0.006879 0.197000 0.334996 0.096046 9.163682 0.338277 0.116363
0.007082 0.197220 0.335071 0.095870 9.152307 0.338585 0.116426
0.007082 0.197220 0.335071 0.095870 9.152307 0.338585 0.116426
0.007285 0.197438 0.335145 0.095697 9.141064 0.338890 0.116488
0.007285 0.197439 0.335145 0.095697 9.141062 0.338890 0.116488
0.007285 0.197439 0.335145 0.095697 9.141062 0.338890 0.116488
0.007126 0.197267 0.335087 0.095833 9.149882 0.338651 0.116439
0.007126 0.197267 0.335087 0.095833 9.149882 0.338651 0.116439
0.007169 0.197314 0.335103 0.095796 9.147463 0.338716 0.116453
0.007169 0.197314 0.335103 0.095796 9.147463 0.338716 0.116453
0.007213 0.197361 0.335119 0.095759 9.145050 0.338782 0.116466
0.007213 0.197361 0.335119 0.095759 9.145050 0.338782 0.116466
0.007256 0.197408 0.335135 0.095722 9.142643 0.338847 0.116480
0.007256 0.197408 0.335135 0.095722 9.142643 0.338847 0.116480
0.007302 0.197457 0.335151 0.095683 9.140133 0.338916 0.116494
0.007302 0.197457 0.335151 0.095683 9.140133 0.338916 0.116494
0.007348 0.197505 0.335168 0.095644 9.137630 0.338984 0.116507
0.007348 0.197505 0.335168 0.095644 9.137630 0.338984 0.116507
0.007393 0.197554 0.335184 0.095606 9.135132 0.339052 0.116521
0.007393 0.197554 0.335184 0.095606 9.135132 0.339052 0.116521
0.007632 0.197807 0.335271 0.095406 9.122113 0.339406 0.116594
0.007632 0.197807 0.335271 0.095405 9.122113 0.339406 0.116594
0.007872 0.198058 0.335356 0.095208 9.109267 0.339757 0.116665
0.007872 0.198058 0.335356 0.095208 9.109267 0.339757 0.116665
0.008111 0.198306 0.335440 0.095013 9.096591 0.340104 0.116736
0.008111 0.198306 0.335440 0.095013 9.096591 0.340104 0.116736
0.008111 0.198306 0.335440 0.095013 9.096592 0.340104 0.116736
0.007931 0.198120 0.335377 0.095159 9.106082 0.339844 0.116683
0.007931 0.198120 0.335377 0.095159 9.106082 0.339844 0.116683
0.007991 0.198183 0.335398 0.095110 9.102908 0.339931 0.116701
0.007991 0.198183 0.335398 0.095110 9.102908 0.339931 0.116701
0.008051 0.198244 0.335419 0.095061 9.099745 0.340018 0.116718
0.008051 0.198244 0.335419 0.095061 9.099745 0.340018 0.116718
0.008111 0.198306 0.335440 0.095013 9.096592 0.340104 0.116736
0.008111 0.198306 0.335440 0.095013 9.096592 0.340104 0.116736
0.008148 0.198345 0.335453 0.094982 9.094621 0.340158 0.116747
0.008148 0.198345 0.335453 0.094982 9.094621 0.340158 0.116747
0.008186 0.198383 0.335466 0.094952 9.092654 0.340212 0.116758
0.008186 0.198383 0.335466 0.094952 9.092654 0.340212 0.116758
0.008223 0.198422 0.335479 0.094922 9.090692 0.340266 0.116769
0.008223 0.198422 0.335479 0.094922 9.090692 0.340266 0.116769
0.008401 0.198603 0.335541 0.094780 9.081461 0.340519 0.116821
0.008401 0.198603 0.335541 0.094780 9.081461 0.340519 0.116821
0.008578 0.198783 0.335601 0.094639 9.072321 0.340770 0.116872
0.008578 0.198783 0.335601 0.094639 9.072321 0.340770 0.116872
0.008756 0.198962 0.335662 0.094500 9.063269 0.341020 0.116922
0.008756 0.198962 0.335662 0.094500 9.063269 0.341020 0.116922
0.009015 0.199220 0.335749 0.094299 9.050187 0.341381 0.116996
0.009015 0.199220 0.335749 0.094299 9.050186 0.341381 0.116996
0.009015 0.199220 0.335749 0.094299 9.050187 0.341381 0.116996
0.009015 0.199220 0.335749 0.094299 9.050187 0.341381 0.116996
0.009015 0.199220 0.335749 0.094299 9.050187 0.341381 0.116996
0.009015 0.199220 0.335749 0.094299 9.050187 0.341381 0.116996
0.009015 0.199220 0.335749 0.094299 9.050186 0.341381 0.116996
0.009275 0.199476 0.335835 0.094100 9.037288 0.341737 0.117068
0.009275 0.199476 0.335835 0.094100 9.037288 0.341737 0.117068
0.009534 0.199729 0.335920 0.093905 9.024571 0.342090 0.117140
0.009794 0.199979 0.336004 0.093712 9.012031 0.342438 0.117210
0.009794 0.199979 0.336004 0.093712 9.012031 0.342438 0.117210
0.010194 0.200359 0.336131 0.093419 8.992999 0.342968 0.117318
0.010194 0.200359 0.336131 0.093419 8.992998 0.342968 0.117318
0.010194 0.200359 0.336131 0.093419 8.992999 0.342968 0.117318
0.010194 0.200359 0.336131 0.093419 8.992999 0.342968 0.117318
0.010194 0.200359 0.336131 0.093419 8.992999 0.342968 0.117318
0.010194 0.200359 0.336131 0.093419 8.992999 0.342968 0.117318
0.010194 0.200359 0.336131 0.093419 8.992999 0.342968 0.117318
0.010595 0.200733 0.336256 0.093133 8.974371 0.343488 0.117423
0.010996 0.201101 0.336379 0.092853 8.956136 0.344000 0.117526
0.010996 0.201101 0.336379 0.092853 8.956136 0.344000 0.117526
0.011397 0.201462 0.336499 0.092578 8.938283 0.344502 0.117628
0.011397 0.201462 0.336499 0.092578 8.938283 0.344502 0.117628
0.011798 0.201817 0.336617 0.092310 8.920801 0.344995 0.117727
0.012294 0.202248 0.336759 0.091985 8.899670 0.345593 0.117848
0.012790 0.202670 0.336899 0.091669 8.879075 0.346178 0.117966
0.013286 0.203083 0.337035 0.091361 8.858996 0.346751 0.118081
0.013782 0.203487 0.337168 0.091060 8.839417 0.347311 0.118193
0.014278 0.203883 0.337297 0.090767 8.820321 0.347859 0.118303
0.014870 0.204345 0.337448 0.090427 8.798142 0.348498 0.118431
0.014870 0.204345 0.337448 0.090427 8.798142 0.348498 0.118431
0.014870 0.204345 0.337448 0.090427 8.798142 0.348498 0.118431
0.014870 0.204345 0.337448 0.090427 8.798142 0.348498 0.118431
0.014870 0.204345 0.337448 0.090427 8.798142 0.348498 0.118431
0.014870 0.204345 0.337448 0.090427 8.798142 0.348498 0.118431
0.014870 0.204345 0.337448 0.090427 8.798142 0.348498 0.118431
0.015462 0.204796 0.337595 0.090097 8.776605 0.349121 0.118555
0.015462 0.204796 0.337595 0.090097 8.776605 0.349121 0.118555
0.016054 0.205236 0.337738 0.089776 8.755685 0.349729 0.118677
0.016646 0.205665 0.337878 0.089464 8.735362 0.350321 0.118795
0.017238 0.206085 0.338013 0.089162 8.715613 0.350899 0.118910
0.017830 0.206494 0.338145 0.088868 8.696417 0.351463 0.119022
0.018422 0.206893 0.338273 0.088582 8.677756 0.352012 0.119131
0.019014 0.207283 0.338398 0.088304 8.659609 0.352549 0.119237
0.019760 0.207761 0.338551 0.087965 8.637463 0.353206 0.119367
0.019760 0.207761 0.338551 0.087965 8.637463 0.353206 0.119367
0.020505 0.208225 0.338699 0.087638 8.616071 0.353843 0.119493
0.021251 0.208675 0.338843 0.087321 8.595402 0.354461 0.119615
0.021996 0.209112 0.338981 0.087016 8.575426 0.355060 0.119733
0.022742 0.209537 0.339116 0.086720 8.556113 0.355642 0.119848
0.023487 0.209949 0.339246 0.086435 8.537437 0.356206 0.119959
0.024402 0.210438 0.339400 0.086098 8.515364 0.356876 0.120090
0.024402 0.210438 0.339400 0.086098 8.515363 0.356876 0.120090
0.024402 0.210438 0.339400 0.086098 8.515364 0.356876 0.120090
0.024402 0.210438 0.339400 0.086098 8.515364 0.356876 0.120090
0.024402 0.210438 0.339400 0.086098 8.515364 0.356876 0.120090
0.024402 0.210438 0.339400 0.086098 8.515364 0.356876 0.120090
0.024402 0.210438 0.339400 0.086098 8.515363 0.356876 0.120090
0.025316 0.210911 0.339548 0.085774 8.494161 0.357522 0.120217
0.025316 0.210911 0.339548 0.085774 8.494162 0.357522 0.120217
0.026231 0.211367 0.339691 0.085463 8.473795 0.358144 0.120339
0.027145 0.211807 0.339828 0.085164 8.454218 0.358745 0.120456
0.028059 0.212232 0.339960 0.084876 8.435398 0.359325 0.120570
0.028974 0.212642 0.340088 0.084600 8.417300 0.359884 0.120679
0.030077 0.213119 0.340235 0.084281 8.396382 0.360533 0.120805
0.031179 0.213576 0.340376 0.083976 8.376411 0.361155 0.120926
0.032282 0.214014 0.340511 0.083686 8.357336 0.361751 0.121042
0.032282 0.214014 0.340511 0.083686 8.357335 0.361751 0.121042
0.033385 0.214435 0.340640 0.083408 8.339108 0.362322 0.121152
0.033385 0.214435 0.340640 0.083408 8.339109 0.362322 0.121152
0.034488 0.214839 0.340764 0.083142 8.321688 0.362871 0.121259
0.035591 0.215227 0.340882 0.082889 8.305029 0.363396 0.121360
0.035591 0.215227 0.340882 0.082889 8.305028 0.363396 0.121360
0.036694 0.215599 0.340996 0.082646 8.289094 0.363901 0.121458
0.037797 0.215956 0.341104 0.082414 8.273847 0.364385 0.121551
0.037797 0.215956 0.341104 0.082414 8.273848 0.364385 0.121551
0.038899 0.216299 0.341209 0.082192 8.259257 0.364850 0.121641
0.038899 0.216299 0.341209 0.082192 8.259256 0.364850 0.121641
0.040002 0.216629 0.341308 0.081979 8.245287 0.365296 0.121727
0.040002 0.216629 0.341308 0.081979 8.245285 0.365296 0.121727
0.041105 0.216946 0.341404 0.081775 8.231905 0.365724 0.121809
0.041105 0.216946 0.341404 0.081775 8.231908 0.365724 0.121809
0.042208 0.217250 0.341496 0.081580 8.219091 0.366136 0.121888
0.042208 0.217250 0.341496 0.081580 8.219092 0.366136 0.121888
0.043311 0.217543 0.341584 0.081394 8.206816 0.366531 0.121964
0.043311 0.217543 0.341584 0.081394 8.206813 0.366531 0.121964
0.043311 0.217543 0.341584 0.081394 8.206814 0.366531 0.121964
0.044414 0.217824 0.341668 0.081215 8.195044 0.366910 0.122037
0.044414 0.217824 0.341668 0.081215 8.195046 0.366910 0.122037
0.045517 0.218094 0.341749 0.081043 8.183765 0.367275 0.122107
0.045517 0.218094 0.341749 0.081043 8.183764 0.367275 0.122107
0.045517 0.218094 0.341749 0.081043 8.183765 0.367275 0.122107
0.045517 0.218094 0.341749 0.081043 8.183765 0.367275 0.122107
0.045517 0.218094 0.341749 0.081043 8.183765 0.367275 0.122107
0.045517 0.218094 0.341749 0.081043 8.183765 0.367275 0.122107
0.045517 0.218094 0.341749 0.081043 8.183766 0.367275 0.122107
0.046619 0.218354 0.341827 0.080879 8.172952 0.367625 0.122174
0.046619 0.218354 0.341827 0.080879 8.172950 0.367625 0.122174
0.047722 0.218603 0.341902 0.080721 8.162577 0.367962 0.122238
0.048825 0.218843 0.341973 0.080570 8.152629 0.368285 0.122300
0.049928 0.219074 0.342042 0.080425 8.143086 0.368596 0.122359
0.051031 0.219296 0.342108 0.080286 8.133925 0.368895 0.122417
0.052134 0.219510 0.342172 0.080152 8.125136 0.369182 0.122471
0.053237 0.219715 0.342232 0.080024 8.116700 0.369458 0.122524
0.054339 0.219913 0.342291 0.079901 8.108598 0.369724 0.122575
0.055442 0.220103 0.342347 0.079783 8.100821 0.369980 0.122623
0.056877 0.220339 0.342417 0.079636 8.091163 0.370297 0.122684
0.056877 0.220339 0.342417 0.079636 8.091163 0.370297 0.122684
0.056877 0.220339 0.342417 0.079636 8.091163 0.370297 0.122684
0.056877 0.220339 0.342417 0.079636 8.091163 0.370297 0.122684
0.056877 0.220339 0.342417 0.079636 8.091163 0.370297 0.122684
0.056877 0.220339 0.342417 0.079636 8.091163 0.370297 0.122684
0.056877 0.220339 0.342417 0.079636 8.091163 0.370297 0.122684
0.058312 0.220564 0.342484 0.079497 8.081998 0.370599 0.122741
0.058312 0.220564 0.342484 0.079497 8.081998 0.370599 0.122741
0.059746 0.220778 0.342547 0.079365 8.073299 0.370887 0.122796
0.061181 0.220981 0.342606 0.079240 8.065041 0.371160 0.122848
0.062616 0.221175 0.342663 0.079121 8.057199 0.371420 0.122897
0.064050 0.221359 0.342718 0.079008 8.049751 0.371667 0.122944
0.065978 0.221592 0.342786 0.078865 8.040327 0.371980 0.123003
0.065978 0.221592 0.342786 0.078865 8.040326 0.371980 0.123003
0.065978 0.221592 0.342786 0.078865 8.040327 0.371980 0.123003
0.065978 0.221592 0.342786 0.078865 8.040327 0.371980 0.123003
0.065978 0.221592 0.342786 0.078865 8.040327 0.371980 0.123003
0.065978 0.221592 0.342786 0.078865 8.040327 0.371980 0.123003
0.065978 0.221592 0.342786 0.078865 8.040327 0.371980 0.123003
0.067906 0.221811 0.342850 0.078732 8.031529 0.372273 0.123059
0.067906 0.221811 0.342850 0.078732 8.031529 0.372273 0.123059
0.069834 0.222015 0.342910 0.078607 8.023313 0.372547 0.123111
0.071761 0.222207 0.342966 0.078491 8.015638 0.372803 0.123159
0.073689 0.222386 0.343018 0.078382 8.008468 0.373043 0.123205
0.075617 0.222553 0.343067 0.078280 8.001766 0.373267 0.123247
0.077957 0.222743 0.343122 0.078166 7.994216 0.373521 0.123295
0.080297 0.222917 0.343173 0.078061 7.987257 0.373754 0.123339
0.082637 0.223079 0.343220 0.077963 7.980841 0.373970 0.123380
0.084978 0.223228 0.343263 0.077874 7.974925 0.374169 0.123417
0.087318 0.223365 0.343303 0.077791 7.969468 0.374353 0.123452
0.089658 0.223492 0.343340 0.077715 7.964434 0.374523 0.123484
0.092545 0.223636 0.343381 0.077629 7.958755 0.374715 0.123520
0.092545 0.223636 0.343381 0.077629 7.958755 0.374715 0.123520
0.092545 0.223636 0.343381 0.077629 7.958755 0.374715 0.123520
0.092545 0.223636 0.343381 0.077629 7.958755 0.374715 0.123520
0.092545 0.223636 0.343381 0.077629 7.958755 0.374715 0.123520
0.092545 0.223636 0.343381 0.077629 7.958755 0.374715 0.123520
0.092545 0.223636 0.343381 0.077629 7.958757 0.374715 0.123520
0.095432 0.223766 0.343419 0.077551 7.953615 0.374889 0.123553
0.095432 0.223766 0.343419 0.077551 7.953614 0.374889 0.123553
0.098319 0.223884 0.343453 0.077480 7.948954 0.375046 0.123582
0.098319 0.223884 0.343453 0.077480 7.948954 0.375046 0.123582
0.101205 0.223991 0.343484 0.077417 7.944731 0.375189 0.123609
0.104092 0.224088 0.343512 0.077359 7.940904 0.375319 0.123634
0.106979 0.224177 0.343537 0.077306 7.937433 0.375437 0.123656
0.110324 0.224269 0.343564 0.077251 7.933815 0.375560 0.123679
0.113669 0.224351 0.343588 0.077202 7.930583 0.375669 0.123700
0.117014 0.224424 0.343609 0.077159 7.927698 0.375768 0.123718
0.120360 0.224490 0.343628 0.077120 7.925119 0.375855 0.123734
0.123705 0.224549 0.343645 0.077085 7.922819 0.375934 0.123749
0.123197 0.224540 0.343642 0.077090 7.923151 0.375922 0.123747
0.120927 0.224501 0.343631 0.077113 7.924711 0.375869 0.123737
0.120927 0.224501 0.343631 0.077113 7.924710 0.375869 0.123737
0.120927 0.224501 0.343631 0.077113 7.924711 0.375869 0.123737
0.120927 0.224501 0.343631 0.077113 7.924711 0.375869 0.123737
0.120927 0.224501 0.343631 0.077113 7.924711 0.375869 0.123737
0.120927 0.224501 0.343631 0.077113 7.924711 0.375869 0.123737
0.120927 0.224501 0.343631 0.077113 7.924711 0.375869 0.123737
0.121495 0.224511 0.343634 0.077107 7.924309 0.375883 0.123740
0.121495 0.224511 0.343634 0.077107 7.924309 0.375883 0.123740
0.122062 0.224521 0.343636 0.077101 7.923915 0.375896 0.123742
0.122062 0.224521 0.343636 0.077101 7.923915 0.375896 0.123742
0.122630 0.224531 0.343639 0.077096 7.923530 0.375909 0.123745
0.123197 0.224540 0.343642 0.077090 7.923150 0.375922 0.123747
0.123904 0.224552 0.343646 0.077083 7.922687 0.375938 0.123750
0.123904 0.224552 0.343646 0.077083 7.922687 0.375938 0.123750
0.123904 0.224552 0.343646 0.077083 7.922687 0.375938 0.123750
0.123904 0.224552 0.343646 0.077083 7.922687 0.375938 0.123750
0.123904 0.224552 0.343646 0.077083 7.922687 0.375938 0.123750
0.123904 0.224552 0.343646 0.077083 7.922687 0.375938 0.123750
0.123904 0.224552 0.343646 0.077083 7.922688 0.375938 0.123750
0.124610 0.224564 0.343649 0.077076 7.922237 0.375953 0.123753
0.124610 0.224564 0.343649 0.077076 7.922237 0.375953 0.123753
0.125316 0.224575 0.343652 0.077069 7.921797 0.375968 0.123756
0.126022 0.224586 0.343655 0.077063 7.921367 0.375983 0.123758
0.127430 0.224607 0.343661 0.077050 7.920539 0.376011 0.123764
0.127430 0.224607 0.343661 0.077050 7.920539 0.376011 0.123764
0.127430 0.224607 0.343661 0.077050 7.920539 0.376011 0.123764
0.127430 0.224607 0.343661 0.077050 7.920539 0.376011 0.123764
0.127430 0.224607 0.343661 0.077050 7.920539 0.376011 0.123764
0.127430 0.224607 0.343661 0.077050 7.920539 0.376011 0.123764
0.128837 0.224627 0.343667 0.077038 7.919751 0.376038 0.123769
0.130245 0.224646 0.343673 0.077027 7.918998 0.376064 0.123774
0.131652 0.224665 0.343678 0.077016 7.918280 0.376088 0.123778
0.134312 0.224697 0.343687 0.076997 7.917013 0.376131 0.123786
0.134312 0.224697 0.343687 0.076997 7.917013 0.376131 0.123786
0.134312 0.224697 0.343687 0.076997 7.917013 0.376131 0.123786
0.134312 0.224697 0.343687 0.076997 7.917013 0.376131 0.123786
0.134312 0.224697 0.343687 0.076997 7.917013 0.376131 0.123786
0.134312 0.224697 0.343687 0.076997 7.917013 0.376131 0.123786
0.134312 0.224697 0.343687 0.076997 7.917014 0.376131 0.123786
0.136972 0.224727 0.343696 0.076979 7.915854 0.376171 0.123794
0.136972 0.224727 0.343696 0.076979 7.915855 0.376171 0.123794
0.139632 0.224754 0.343703 0.076963 7.914794 0.376207 0.123800
0.142292 0.224779 0.343711 0.076949 7.913825 0.376240 0.123807
0.146734 0.224815 0.343721 0.076927 7.912386 0.376289 0.123816
0.146734 0.224815 0.343721 0.076927 7.912385 0.376289 0.123816
0.146734 0.224815 0.343721 0.076927 7.912386 0.376289 0.123816
0.146734 0.224815 0.343721 0.076927 7.912386 0.376289 0.123816
0.146734 0.224815 0.343721 0.076927 7.912386 0.376289 0.123816
0.146734 0.224815 0.343721 0.076927 7.912386 0.376289 0.123816
0.146734 0.224815 0.343721 0.076927 7.912388 0.376289 0.123816
0.151177 0.224847 0.343730 0.076908 7.911148 0.376331 0.123824
0.155619 0.224874 0.343738 0.076892 7.910081 0.376368 0.123831
0.155619 0.224874 0.343738 0.076892 7.910079 0.376368 0.123831
0.160062 0.224898 0.343745 0.076878 7.909159 0.376399 0.123837
0.164504 0.224918 0.343751 0.076866 7.908365 0.376426 0.123842
0.168947 0.224936 0.343756 0.076856 7.907680 0.376450 0.123846
0.173389 0.224951 0.343760 0.076847 7.907090 0.376470 0.123850
0.177831 0.224964 0.343764 0.076839 7.906581 0.376487 0.123853
0.183561 0.224978 0.343768 0.076831 7.906028 0.376506 0.123857
0.189291 0.224990 0.343771 0.076824 7.905570 0.376522 0.123859
0.195020 0.225000 0.343774 0.076818 7.905193 0.376535 0.123862
0.200750 0.225008 0.343776 0.076813 7.904880 0.376545 0.123864
0.206480 0.225014 0.343778 0.076810 7.904623 0.376554 0.123866
0.212209 0.225020 0.343780 0.076806 7.904408 0.376561 0.123867
0.217939 0.225024 0.343781 0.076804 7.904236 0.376567 0.123868
0.216710 0.225023 0.343781 0.076804 7.904270 0.376566 0.123868
0.221211 0.225026 0.343782 0.076802 7.904143 0.376570 0.123869
0.220968 0.225026 0.343782 0.076802 7.904150 0.376570 0.123869
0.217562 0.225024 0.343781 0.076804 7.904243 0.376567 0.123868
0.217562 0.225024 0.343781 0.076804 7.904243 0.376567 0.123868
0.217562 0.225024 0.343781 0.076804 7.904243 0.376567 0.123868
0.217562 0.225024 0.343781 0.076804 7.904243 0.376567 0.123868
0.217562 0.225024 0.343781 0.076804 7.904243 0.376567 0.123868
0.217562 0.225024 0.343781 0.076804 7.904243 0.376567 0.123868
0.217562 0.225024 0.343781 0.076804 7.904244 0.376567 0.123868
0.218413 0.225024 0.343781 0.076803 7.904220 0.376568 0.123868
0.218413 0.225025 0.343781 0.076803 7.904220 0.376568 0.123868
0.219265 0.225025 0.343781 0.076803 7.904197 0.376569 0.123868
0.220117 0.225026 0.343782 0.076803 7.904174 0.376569 0.123868
0.221820 0.225027 0.343782 0.076802 7.904132 0.376571 0.123869
0.221820 0.225027 0.343782 0.076802 7.904131 0.376571 0.123869
0.221820 0.225027 0.343782 0.076802 7.904132 0.376571 0.123869
0.221820 0.225027 0.343782 0.076802 7.904132 0.376571 0.123869
0.221820 0.225027 0.343782 0.076802 7.904132 0.376571 0.123869
0.221820 0.225027 0.343782 0.076802 7.904132 0.376571 0.123869
0.223523 0.225028 0.343782 0.076801 7.904091 0.376572 0.123869
0.225227 0.225029 0.343782 0.076801 7.904053 0.376573 0.123869
0.228663 0.225031 0.343783 0.076800 7.903982 0.376576 0.123870
0.228663 0.225031 0.343783 0.076800 7.903982 0.376576 0.123870
0.228663 0.225031 0.343783 0.076800 7.903982 0.376576 0.123870
0.228663 0.225031 0.343783 0.076800 7.903982 0.376576 0.123870
0.228663 0.225031 0.343783 0.076800 7.903982 0.376576 0.123870
0.228663 0.225031 0.343783 0.076800 7.903982 0.376576 0.123870
0.228663 0.225031 0.343783 0.076800 7.903982 0.376576 0.123870
0.232099 0.225032 0.343783 0.076799 7.903919 0.376578 0.123870
0.232099 0.225032 0.343783 0.076799 7.903918 0.376578 0.123870
0.235535 0.225034 0.343784 0.076798 7.903862 0.376580 0.123870
0.246809 0.225037 0.343785 0.076796 7.903720 0.376585 0.123871
0.246809 0.225037 0.343785 0.076796 7.903719 0.376585 0.123871
0.246809 0.225037 0.343785 0.076796 7.903720 0.376585 0.123871
0.246809 0.225037 0.343785 0.076796 7.903720 0.376585 0.123871
0.246809 0.225037 0.343785 0.076796 7.903720 0.376585 0.123871
0.246809 0.225037 0.343785 0.076796 7.903720 0.376585 0.123871
0.246809 0.225037 0.343785 0.076796 7.903717 0.376585 0.123871
0.244285 0.225037 0.343785 0.076796 7.903747 0.376584 0.123871
0.244285 0.225037 0.343785 0.076796 7.903745 0.376584 0.123871
0.253035 0.225039 0.343785 0.076795 7.903655 0.376587 0.123872
0.251135 0.225039 0.343785 0.076795 7.903672 0.376586 0.123872
0.251135 0.225039 0.343785 0.076795 7.903672 0.376586 0.123872
0.251135 0.225039 0.343785 0.076795 7.903672 0.376586 0.123872
0.251135 0.225039 0.343785 0.076795 7.903672 0.376586 0.123872
0.251135 0.225039 0.343785 0.076795 7.903672 0.376586 0.123872
0.251135 0.225039 0.343785 0.076795 7.903672 0.376586 0.123872
0.251135 0.225038 0.343785 0.076795 7.903674 0.376586 0.123872
0.257984 0.225040 0.343786 0.076794 7.903616 0.376588 0.123872
0.257984 0.225040 0.343786 0.076794 7.903618 0.376588 0.123872
0.264834 0.225041 0.343786 0.076794 7.903572 0.376590 0.123872
0.264834 0.225041 0.343786 0.076794 7.903573 0.376590 0.123872
0.271684 0.225042 0.343786 0.076793 7.903537 0.376591 0.123873
0.279382 0.225043 0.343786 0.076793 7.903506 0.376592 0.123873
0.287080 0.225043 0.343787 0.076792 7.903481 0.376593 0.123873
0.294777 0.225044 0.343787 0.076792 7.903462 0.376594 0.123873
0.302475 0.225044 0.343787 0.076792 7.903448 0.376594 0.123873
0.313472 0.225045 0.343787 0.076792 7.903432 0.376595 0.123873
0.313472 0.225045 0.343787 0.076792 7.903432 0.376595 0.123873
0.313472 0.225045 0.343787 0.076792 7.903432 0.376595 0.123873
0.313472 0.225045 0.343787 0.076792 7.903432 0.376595 0.123873
0.313472 0.225045 0.343787 0.076792 7.903432 0.376595 0.123873
0.313472 0.225045 0.343787 0.076792 7.903432 0.376595 0.123873
0.313472 0.225045 0.343787 0.076792 7.903433 0.376595 0.123873
0.324469 0.225045 0.343787 0.076791 7.903422 0.376595 0.123873
0.324469 0.225045 0.343787 0.076791 7.903422 0.376595 0.123873
0.335466 0.225045 0.343787 0.076791 7.903415 0.376595 0.123873
0.346463 0.225045 0.343787 0.076791 7.903410 0.376595 0.123873
0.357460 0.225045 0.343787 0.076791 7.903406 0.376596 0.123873
0.373664 0.225045 0.343787 0.076791 7.903403 0.376596 0.123873
0.373664 0.225045 0.343787 0.076791 7.903402 0.376596 0.123873
0.373664 0.225045 0.343787 0.076791 7.903403 0.376596 0.123873
0.373664 0.225045 0.343787 0.076791 7.903403 0.376596 0.123873
0.373664 0.225045 0.343787 0.076791 7.903403 0.376596 0.123873
0.373664 0.225045 0.343787 0.076791 7.903403 0.376596 0.123873
0.389868 0.225046 0.343787 0.076791 7.903401 0.376596 0.123873
0.406071 0.225046 0.343787 0.076791 7.903400 0.376596 0.123873
0.406071 0.225046 0.343787 0.076791 7.903399 0.376596 0.123873
0.422275 0.225046 0.343787 0.076791 7.903399 0.376596 0.123873
0.422275 0.225046 0.343787 0.076791 7.903399 0.376596 0.123873
0.438479 0.225046 0.343787 0.076791 7.903399 0.376596 0.123873
0.465439 0.225046 0.343787 0.076791 7.903398 0.376596 0.123873
0.465439 0.225046 0.343787 0.076791 7.903398 0.376596 0.123873
0.465439 0.225046 0.343787 0.076791 7.903398 0.376596 0.123873
0.465439 0.225046 0.343787 0.076791 7.903398 0.376596 0.123873
0.465439 0.225046 0.343787 0.076791 7.903398 0.376596 0.123873
0.465439 0.225046 0.343787 0.076791 7.903398 0.376596 0.123873
0.492400 0.225046 0.343787 0.076791 7.903398 0.376596 0.123873
0.519361 0.225046 0.343787 0.076791 7.903398 0.376596 0.123873
0.546321 0.225046 0.343787 0.076791 7.903398 0.376596 0.123873
0.615206 0.225046 0.343787 0.076791 7.903398 0.376596 0.123873
0.615206 0.225046 0.343787 0.076791 7.903397 0.376596 0.123873
0.615206 0.225046 0.343787 0.076791 7.903398 0.376596 0.123873
0.615206 0.225046 0.343787 0.076791 7.903398 0.376596 0.123873
0.615206 0.225046 0.343787 0.076791 7.903398 0.376596 0.123873
0.615206 0.225046 0.343787 0.076791 7.903398 0.376596 0.123873
0.684090 0.225046 0.343787 0.076791 7.903398 0.376596 0.123873
0.752974 0.225046 0.343787 0.076791 7.903398 0.376596 0.123873
1.382530 0.225046 0.343787 0.076791 7.903398 0.376596 0.123873
1.382530 0.225046 0.343787 0.076791 7.903397 0.376596 0.123873
1.382530 0.225046 0.343787 0.076791 7.903398 0.376596 0.123873
1.382530 0.225046 0.343787 0.076791 7.903398 0.376596 0.123873
1.382530 0.225046 0.343787 0.076791 7.903398 0.376596 0.123873
1.382530 0.225046 0.343787 0.076791 7.903398 0.376596 0.123873
